This folder: /media/daniella/B/git/Plasmmer/Plasmmer AI/&meta

  File: ./Private
  Size: 0         	Blocks: 0          IO Block: 4096   directory
Device: 8,20	Inode: 4193515     Links: 1
Access: (0755/drwxr-xr-x)  Uid: ( 1000/daniella)   Gid: ( 1000/daniella)
Access: 2023-08-09 22:23:47.086849500 -0300
Modify: 2023-01-02 19:15:35.647572600 -0300
Change: 2023-08-25 01:44:43.554058100 -0300
 Birth: 2023-08-25 01:44:43.550058300 -0300
IPFS hash: 
------------------------------
  File: ./Tasks.txt
  Size: 204       	Blocks: 8          IO Block: 4096   regular file
Device: 8,20	Inode: 4192820     Links: 1
Access: (0755/-rwxr-xr-x)  Uid: ( 1000/daniella)   Gid: ( 1000/daniella)
Access: 2023-08-25 01:46:37.901790000 -0300
Modify: 2023-08-19 18:03:48.255705200 -0300
Change: 2023-08-25 01:48:16.706836800 -0300
 Birth: 2023-08-25 01:45:13.648835400 -0300
IPFS hash: Qmc6mxaCCmsyhB97boXZpX2JvjHJjNA38VLRDW4p6qvZ2X
------------------------------